5
77
15
27
2
12
9
3
10
2
13
122
3
27
26
12
15
113
87
48
7
2
3
4
4
1
2
6
2
8
3
1
198
15
1
4
44
4
12
55
1
4
1
5
14
9
6
1
2
1
8
52
2
4
9
9
12
123
35
1
24
5
3
10
16
1
7
1
7
8
7
2
1
17
2
15
9
6
4
51
3
4
1
6
5
5
77
34
4
3
1
21
19
3
1
1
1
2
12
2
51
1
10
1
1
8
56
68
104
2
4
4
1
1
3
4
4
7
32
3
1
2
22
109
3
147
134
5
5
1
6
33
20
1
3
3
6
8
1
6
2
12
8
1
9
1
2
5
4
19
3
3
12
1
17
3
12
2
3
6
3
2
2
2
5
15
4
6
49
37
2
14
8
1
3
4
5
1
5
3
17
20
1
4
33
1
1
6
3
6
2
12
4
4
1
1
6
3
2
4
5
3
3
3
2
5
1
2
4
1
3
7
24
4
1
1
1
1
2
1
1
9
1
1
1
11
1
1
3
1
7
1
3
2
1
3
1
2
11
1
1
2
1
2
2
1
2
1
1
5
4
1
1
1
2
1
2
1
9
4
2
1
1
2
2
11
16
1
6
1
2
2
1
102
1
1
1
1
1
2
15
1
1
1
18
1
21
5
9
1
1
1
1
5
1
7
3
2
3
1
1
1
2
3
6
22
2
3
1
1
1
1
1
1
1
1
115
117
2
24
7
2
10
72
1
1
1
1
1
11
36
1
1
2
1
3
1
1
6
1
1
2
1
1
3
10
3
1
1
5
2
2
7
1
1
2
2
6
1
20
15
1
3
1
36
10
1
1
14
1
4
1
5
20
1
1
1
4
8
2
1
16
3
1
2
1
1
1
1
3
1
1
1
1
5
3
37
7
8
8
1
1
2
1
1
4
1
17
5
2
5
2
2
8
3
1
1
2
1
1
1
2
2
5
5
15
2
4
1
2
1
1
1
1
1
1
1
1
1
6
18
2
11
1
2
2
3
1
1
1
1
2
1
2
2
2
2
10
1
1
1
1
1
1
2
4
2
1
1
15
1
2
1
1
1
2
2
1
1
2
1
2
1
1
1
6
2
1
2
2
1
3
1
2
1
1
1
1
2
1
1
1
1
7
3
5
3
11
2
6
1
1
1
2
2
2
2
2
2
1
2
12
1
1
3
1
1
1
11
3
1
1
2
1
1
6
3
7
34
3
1
1
1
1
1
1
3
2
1
1
1
2
1
1
1
1
2
1
1
1
1
1
1
8
1
1
2
1
2
3
6
1
14
4
1
1
2
1
1
20
2
1
5
1
1
1
1
1
1
1
1
1
15
3
3
4
2
1
1
1
1
1
3
1
1
2
1
1
3
2
1
1
1
2
2
2
1
1
1
1
1
1
1
1
1
3
1
2
1
1
1
1
2
1
1
6
1
1
1
5
1
1
1
1
1
2
1
1
1
1
1
1
2
1
1
1
2
2
2
1
3
3
1
1
1
1
1
1
1
1
1
1
1
1
1
1
4
5
1
3
1
2
2
2
1
1
1
1
1
1
