5
76
15
27
2
12
9
3
10
2
13
119
3
27
26
12
13
113
86
48
7
2
3
4
4
1
2
6
2
8
3
1
169
15
1
4
44
4
12
55
1
4
1
5
14
9
6
1
2
1
8
51
2
4
9
9
12
123
35
1
24
5
3
10
16
1
7
1
7
8
7
2
1
17
2
15
9
5
4
51
3
4
1
6
5
5
76
34
4
3
1
21
19
3
1
1
1
2
12
2
51
1
10
1
1
8
56
63
103
2
4
4
1
1
3
4
4
7
32
3
1
2
22
107
3
145
134
5
5
1
6
32
19
1
3
3
6
8
1
6
2
12
8
1
9
1
2
5
4
19
3
3
12
1
17
3
12
2
3
5
3
2
2
2
5
15
4
6
48
37
2
14
8
1
3
4
5
1
5
3
17
20
1
4
33
1
1
6
3
6
2
12
4
4
1
1
6
3
2
4
5
3
3
3
2
5
1
2
4
1
3
7
24
4
1
1
1
1
2
1
1
9
1
1
1
10
1
1
3
1
7
1
3
2
1
3
1
2
8
1
1
2
1
2
2
1
2
1
1
5
4
1
1
1
2
1
2
1
9
4
2
1
1
2
2
11
16
1
6
1
2
2
1
101
1
1
1
1
1
2
15
1
1
1
16
1
19
5
9
1
1
1
1
5
1
7
3
2
3
1
1
1
2
3
6
21
2
3
1
1
1
1
1
1
1
1
115
113
2
24
7
2
10
71
1
1
1
1
1
11
36
1
1
2
1
3
1
1
6
1
1
2
1
1
3
10
3
1
1
5
2
2
7
1
1
2
2
6
1
15
13
1
3
1
36
10
1
1
14
1
4
1
5
20
1
1
1
4
8
2
1
16
3
1
2
1
1
1
1
3
1
1
1
1
5
3
36
7
8
8
1
1
1
1
1
4
1
17
5
2
4
2
2
6
3
1
1
2
1
1
1
2
2
5
5
15
2
2
1
2
1
1
1
1
1
1
1
1
1
6
15
2
11
1
2
2
3
1
1
1
1
2
1
2
2
2
2
9
1
1
1
1
1
1
2
4
2
1
1
15
1
2
1
1
1
2
2
1
1
2
1
2
1
1
1
6
2
1
2
2
1
3
1
2
1
1
1
1
2
1
1
1
1
7
3
5
3
11
2
6
1
1
1
2
2
2
2
2
2
1
2
12
1
1
3
1
1
1
11
3
1
1
2
1
1
6
3
7
34
3
1
1
1
1
1
1
3
2
1
1
1
2
1
1
1
1
2
1
1
1
1
1
1
8
1
1
2
1
2
3
6
1
14
4
1
1
2
1
1
20
2
1
5
1
1
1
1
1
1
1
1
1
11
3
3
4
2
1
1
1
1
1
3
1
1
2
1
1
3
2
1
1
1
2
2
2
1
1
1
1
1
1
1
1
1
3
1
2
1
1
1
1
2
1
1
5
1
1
1
5
1
1
1
1
1
2
1
1
1
1
1
1
2
1
1
1
2
2
2
1
3
3
1
1
1
1
1
1
1
1
1
1
1
1
1
1
4
5
1
3
1
2
2
2
1
1
1
1
1
1
