6.708203932499369
6.0
7.937253933193772
6.708203932499369
6.0
5.196152422706632
5.196152422706632
7.810249675906654
6.708203932499369
5.196152422706632
4.242640687119285
4.242640687119285
9.0
5.196152422706632
5.196152422706632
7.937253933193772
7.3484692283495345
6.708203932499369
6.0
6.0
4.242640687119285
5.196152422706632
6.0
5.196152422706632
5.196152422706632
5.196152422706632
5.196152422706632
7.3484692283495345
5.196152422706632
5.196152422706632
6.0
6.0
6.0
6.0
4.242640687119285
6.0
4.242640687119285
6.0
6.708203932499369
5.196152422706632
4.242640687119285
4.242640687119285
5.196152422706632
4.242640687119285
4.242640687119285
6.0
6.0
5.196152422706632
7.3484692283495345
5.196152422706632
6.0
5.196152422706632
5.830951894845301
6.708203932499369
5.196152422706632
6.0
4.242640687119285
5.196152422706632
6.708203932499369
5.196152422706632
6.708203932499369
5.196152422706632
5.0
4.242640687119285
5.196152422706632
4.242640687119285
6.0
6.0
6.0
5.196152422706632
6.708203932499369
5.196152422706632
4.242640687119285
5.196152422706632
6.0
5.196152422706632
6.708203932499369
6.0
5.196152422706632
6.0
5.196152422706632
5.196152422706632
4.242640687119285
6.708203932499369
5.196152422706632
7.3484692283495345
6.0
6.0
6.0
6.0
5.196152422706632
6.708203932499369
6.0
6.0
6.708203932499369
6.0
5.196152422706632
5.196152422706632
4.242640687119285
5.196152422706632
6.0
6.708203932499369
9.273618495495704
5.196152422706632
6.708203932499369
6.0
6.0
5.196152422706632
5.196152422706632
7.3484692283495345
4.242640687119285
6.708203932499369
5.196152422706632
6.708203932499369
6.0
6.708203932499369
6.557438524302
4.242640687119285
6.708203932499369
6.0
5.196152422706632
4.242640687119285
5.196152422706632
5.196152422706632
6.0
6.0
4.242640687119285
5.196152422706632
6.0
6.708203932499369
6.0
5.196152422706632
5.196152422706632
4.242640687119285
7.937253933193772
5.830951894845301
5.196152422706632
6.0
6.0
7.3484692283495345
6.708203932499369
6.708203932499369
5.196152422706632
4.242640687119285
5.196152422706632
5.196152422706632
5.196152422706632
5.196152422706632
6.0
6.0
5.196152422706632
5.196152422706632
7.3484692283495345
6.0
4.242640687119285
5.196152422706632
6.0
6.0
7.3484692283495345
6.708203932499369
7.3484692283495345
6.708203932499369
6.708203932499369
6.0
6.0
6.0
6.708203932499369
6.708203932499369
6.0
7.3484692283495345
7.3484692283495345
6.708203932499369
6.0
6.0
6.708203932499369
9.0
7.937253933193772
6.708203932499369
6.0
6.708203932499369
6.0
7.937253933193772
7.3484692283495345
6.708203932499369
7.937253933193772
7.3484692283495345
6.0
6.0
6.0
6.708203932499369
6.708203932499369
6.708203932499369
7.3484692283495345
7.3484692283495345
6.708203932499369
8.48528137423857
9.0
5.196152422706632
5.196152422706632
4.242640687119285
7.810249675906654
8.366600265340756
7.3484692283495345
7.937253933193772
6.708203932499369
6.708203932499369
6.708203932499369
7.3484692283495345
7.937253933193772
6.708203932499369
6.0
7.3484692283495345
6.708203932499369
7.3484692283495345
7.3484692283495345
6.708203932499369
6.708203932499369
8.48528137423857
7.3484692283495345
6.0
7.3484692283495345
7.3484692283495345
6.0
5.196152422706632
7.3484692283495345
6.708203932499369
7.3484692283495345
7.3484692283495345
7.3484692283495345
7.3484692283495345
6.708203932499369
7.3484692283495345
6.708203932499369
7.3484692283495345
7.3484692283495345
7.937253933193772
7.3484692283495345
7.3484692283495345
6.708203932499369
6.708203932499369
7.3484692283495345
6.708203932499369
6.0
6.0
5.196152422706632
6.708203932499369
6.0
5.196152422706632
5.196152422706632
5.196152422706632
6.0
6.708203932499369
6.0
7.3484692283495345
7.3484692283495345
6.0
6.708203932499369
11.045361017187261
9.0
5.196152422706632
6.708203932499369
7.810249675906654
6.708203932499369
4.242640687119285
5.196152422706632
7.937253933193772
5.196152422706632
6.708203932499369
6.0
6.708203932499369
4.242640687119285
4.242640687119285
5.196152422706632
6.708203932499369
5.196152422706632
6.0
8.48528137423857
7.3484692283495345
6.708203932499369
6.0
7.937253933193772
5.196152422706632
6.0
5.196152422706632
9.746794344808963
7.937253933193772
5.196152422706632
4.242640687119285
5.196152422706632
5.196152422706632
6.708203932499369
6.0
6.708203932499369
6.0
6.0
6.708203932499369
5.196152422706632
4.242640687119285
5.196152422706632
4.242640687119285
5.196152422706632
6.0
4.242640687119285
5.196152422706632
5.196152422706632
5.196152422706632
5.196152422706632
5.196152422706632
6.708203932499369
5.196152422706632
5.196152422706632
6.0
6.0
3.0
6.708203932499369
5.196152422706632
6.708203932499369
4.242640687119285
6.0
6.708203932499369
5.196152422706632
5.196152422706632
6.0
6.708203932499369
5.196152422706632
7.3484692283495345
8.888194417315589
6.0
6.0
5.196152422706632
6.708203932499369
10.198039027185569
8.774964387392123
9.746794344808963
7.681145747868608
5.830951894845301
5.196152422706632
6.708203932499369
5.196152422706632
6.708203932499369
6.0
7.3484692283495345
7.937253933193772
7.937253933193772
7.3484692283495345
7.3484692283495345
9.0
7.3484692283495345
7.3484692283495345
7.3484692283495345
5.196152422706632
5.196152422706632
5.196152422706632
5.196152422706632
4.242640687119285
4.242640687119285
4.242640687119285
4.242640687119285
4.242640687119285
5.196152422706632
4.242640687119285
4.242640687119285
5.196152422706632
4.242640687119285
6.708203932499369
5.196152422706632
4.242640687119285
4.242640687119285
4.242640687119285
3.0
4.242640687119285
4.242640687119285
5.196152422706632
4.242640687119285
4.242640687119285
4.242640687119285
4.242640687119285
4.242640687119285
4.242640687119285
6.0
6.0
5.196152422706632
4.242640687119285
4.242640687119285
6.557438524302
5.196152422706632
6.0
4.242640687119285
4.242640687119285
4.242640687119285
5.196152422706632
5.196152422706632
4.242640687119285
5.196152422706632
4.242640687119285
8.246211251235321
4.242640687119285
3.0
4.242640687119285
5.196152422706632
4.242640687119285
5.196152422706632
4.242640687119285
6.708203932499369
5.196152422706632
4.242640687119285
6.0
5.196152422706632
6.0
4.242640687119285
4.242640687119285
4.242640687119285
4.242640687119285
5.196152422706632
4.242640687119285
4.242640687119285
6.557438524302
4.242640687119285
4.242640687119285
6.557438524302
4.242640687119285
4.242640687119285
5.196152422706632
4.242640687119285
4.242640687119285
5.196152422706632
5.196152422706632
5.830951894845301
4.242640687119285
5.196152422706632
4.242640687119285
4.242640687119285
4.242640687119285
5.196152422706632
5.196152422706632
6.708203932499369
6.0
5.196152422706632
5.196152422706632
5.196152422706632
6.708203932499369
6.0
5.196152422706632
5.196152422706632
5.196152422706632
5.196152422706632
5.196152422706632
5.196152422706632
5.196152422706632
5.196152422706632
5.196152422706632
6.0
5.196152422706632
8.48528137423857
5.196152422706632
5.196152422706632
5.196152422706632
6.708203932499369
5.196152422706632
4.242640687119285
6.708203932499369
6.0
5.196152422706632
6.0
5.196152422706632
5.196152422706632
6.0
5.196152422706632
6.0
5.196152422706632
5.196152422706632
6.0
5.196152422706632
5.196152422706632
5.196152422706632
6.0
5.196152422706632
5.196152422706632
5.196152422706632
6.0
5.196152422706632
5.196152422706632
6.0
5.196152422706632
5.196152422706632
5.196152422706632
5.196152422706632
4.242640687119285
5.196152422706632
5.196152422706632
5.196152422706632
5.196152422706632
6.0
5.196152422706632
5.196152422706632
5.196152422706632
5.196152422706632
5.196152422706632
5.196152422706632
5.196152422706632
6.0
6.0
7.3484692283495345
6.0
6.0
7.937253933193772
8.48528137423857
6.708203932499369
6.0
6.708203932499369
6.708203932499369
6.0
6.0
7.937253933193772
5.196152422706632
5.196152422706632
6.708203932499369
5.196152422706632
5.196152422706632
5.196152422706632
6.0
5.196152422706632
4.242640687119285
5.196152422706632
5.196152422706632
4.242640687119285
5.196152422706632
4.242640687119285
4.242640687119285
5.196152422706632
5.196152422706632
7.3484692283495345
7.211102550927978
6.708203932499369
5.196152422706632
5.830951894845301
4.242640687119285
7.681145747868608
7.681145747868608
6.0
6.0
5.196152422706632
6.708203932499369
5.196152422706632
6.0
5.196152422706632
6.0
5.196152422706632
4.242640687119285
4.242640687119285
4.242640687119285
5.196152422706632
4.242640687119285
4.242640687119285
5.196152422706632
6.708203932499369
5.196152422706632
4.242640687119285
5.196152422706632
5.196152422706632
5.196152422706632
4.242640687119285
5.196152422706632
4.242640687119285
5.196152422706632
4.242640687119285
4.242640687119285
5.196152422706632
4.242640687119285
5.196152422706632
5.196152422706632
5.196152422706632
5.196152422706632
5.196152422706632
5.196152422706632
5.196152422706632
4.242640687119285
5.196152422706632
4.242640687119285
4.242640687119285
5.196152422706632
6.0
4.242640687119285
5.196152422706632
5.196152422706632
4.242640687119285
6.0
5.196152422706632
6.0
4.242640687119285
4.242640687119285
4.242640687119285
6.0
5.196152422706632
5.196152422706632
5.196152422706632
4.242640687119285
4.242640687119285
4.242640687119285
4.242640687119285
4.242640687119285
4.242640687119285
4.242640687119285
5.196152422706632
4.242640687119285
4.242640687119285
5.196152422706632
4.242640687119285
4.242640687119285
6.0
4.242640687119285
4.242640687119285
5.196152422706632
4.242640687119285
4.242640687119285
4.242640687119285
4.242640687119285
4.242640687119285
4.242640687119285
4.242640687119285
4.242640687119285
4.242640687119285
5.196152422706632
5.196152422706632
5.196152422706632
5.196152422706632
4.242640687119285
5.196152422706632
4.242640687119285
5.196152422706632
4.242640687119285
4.242640687119285
4.242640687119285
4.242640687119285
4.242640687119285
5.196152422706632
5.196152422706632
4.242640687119285
5.196152422706632
4.242640687119285
7.3484692283495345
6.0
7.3484692283495345
6.0
6.708203932499369
6.708203932499369
10.816653826391969
6.708203932499369
6.708203932499369
7.937253933193772
7.3484692283495345
7.937253933193772
7.937253933193772
7.3484692283495345
7.810249675906654
5.830951894845301
8.48528137423857
6.0
5.830951894845301
6.708203932499369
6.708203932499369
7.3484692283495345
6.708203932499369
8.246211251235321
8.246211251235321
9.273618495495704
5.196152422706632
6.0
6.0
9.38083151964686
9.848857801796104
7.3484692283495345
7.3484692283495345
6.708203932499369
6.708203932499369
7.681145747868608
8.246211251235321
8.366600265340756
6.708203932499369
9.539392014169456
10.0
9.539392014169456
7.681145747868608
8.246211251235321
8.246211251235321
10.44030650891055
5.196152422706632
6.557438524302
6.0
8.246211251235321
7.3484692283495345
6.557438524302
6.557438524302
7.211102550927978
7.211102550927978
7.810249675906654
10.198039027185569
11.357816691600547
5.830951894845301
5.830951894845301
5.830951894845301
7.211102550927978
6.557438524302
6.557438524302
7.211102550927978
7.211102550927978
8.366600265340756
9.273618495495704
5.196152422706632
5.196152422706632
5.196152422706632
10.198039027185569
7.810249675906654
9.486832980505138
10.535653752852738
5.196152422706632
5.196152422706632
8.366600265340756
6.557438524302
9.746794344808963
7.3484692283495345
6.0
5.196152422706632
7.3484692283495345
9.38083151964686
7.3484692283495345
6.708203932499369
6.0
6.708203932499369
8.888194417315589
8.888194417315589
6.0
7.3484692283495345
8.246211251235321
7.681145747868608
6.708203932499369
6.0
6.708203932499369
5.830951894845301
6.0
6.708203932499369
6.0
6.708203932499369
6.708203932499369
6.0
5.196152422706632
6.0
5.196152422706632
6.708203932499369
7.0710678118654755
7.937253933193772
6.0
6.708203932499369
6.0
5.196152422706632
6.708203932499369
7.211102550927978
5.196152422706632
6.0
6.708203932499369
6.0
6.0
6.0
6.0
7.937253933193772
7.3484692283495345
4.242640687119285
6.0
6.0
7.3484692283495345
6.0
5.196152422706632
6.708203932499369
5.196152422706632
9.0
9.0
9.9498743710662
9.486832980505138
7.937253933193772
5.196152422706632
7.3484692283495345
5.196152422706632
6.708203932499369
5.196152422706632
5.196152422706632
5.196152422706632
6.708203932499369
7.3484692283495345
5.196152422706632
6.0
4.242640687119285
6.0
4.242640687119285
6.0
6.0
5.196152422706632
5.196152422706632
5.196152422706632
4.242640687119285
5.196152422706632
4.242640687119285
4.242640687119285
5.196152422706632
7.937253933193772
7.211102550927978
7.810249675906654
7.810249675906654
5.196152422706632
5.196152422706632
4.242640687119285
4.242640687119285
4.242640687119285
6.0
6.0
5.196152422706632
4.242640687119285
5.196152422706632
4.242640687119285
5.196152422706632
4.242640687119285
4.242640687119285
4.242640687119285
3.0
3.0
5.196152422706632
3.0
5.196152422706632
3.0
4.242640687119285
4.242640687119285
3.0
4.242640687119285
4.242640687119285
4.242640687119285
4.242640687119285
8.48528137423857
5.196152422706632
5.196152422706632
5.196152422706632
4.242640687119285
4.242640687119285
4.242640687119285
5.196152422706632
3.0
6.0
4.242640687119285
5.196152422706632
5.196152422706632
5.196152422706632
4.242640687119285
4.242640687119285
3.0
4.242640687119285
3.0
5.196152422706632
3.0
4.242640687119285
4.242640687119285
5.196152422706632
3.0
4.242640687119285
5.196152422706632
5.196152422706632
3.0
3.0
4.242640687119285
3.0
4.242640687119285
3.0
4.242640687119285
4.242640687119285
4.242640687119285
4.242640687119285
3.0
3.0
4.242640687119285
4.242640687119285
5.196152422706632
4.242640687119285
4.242640687119285
4.242640687119285
4.242640687119285
5.196152422706632
4.242640687119285
5.196152422706632
5.196152422706632
4.242640687119285
4.242640687119285
4.242640687119285
4.242640687119285
3.0
5.196152422706632
3.0
6.708203932499369
6.0
4.242640687119285
4.242640687119285
6.708203932499369
3.0
4.242640687119285
3.0
7.937253933193772
5.196152422706632
4.242640687119285
4.242640687119285
5.196152422706632
4.242640687119285
3.0
5.830951894845301
3.0
4.242640687119285
5.0
4.242640687119285
4.242640687119285
5.196152422706632
4.242640687119285
4.242640687119285
4.242640687119285
4.242640687119285
4.242640687119285
4.242640687119285
4.242640687119285
4.242640687119285
4.242640687119285
4.242640687119285
4.242640687119285
6.0
6.0
6.708203932499369
7.681145747868608
8.366600265340756
6.0
6.0
8.888194417315589
9.486832980505138
6.0
6.708203932499369
6.708203932499369
6.0
6.0
5.196152422706632
5.196152422706632
5.196152422706632
5.196152422706632
5.196152422706632
5.196152422706632
6.708203932499369
6.0
5.196152422706632
6.0
6.0
6.0
4.242640687119285
5.196152422706632
5.196152422706632
3.0
6.0
6.0
4.242640687119285
4.242640687119285
4.242640687119285
4.242640687119285
5.196152422706632
3.0
4.242640687119285
6.708203932499369
7.3484692283495345
4.242640687119285
5.196152422706632
4.242640687119285
6.0
5.196152422706632
4.242640687119285
4.242640687119285
6.0
4.242640687119285
4.242640687119285
4.242640687119285
4.242640687119285
5.196152422706632
5.196152422706632
6.0
5.196152422706632
6.0
5.196152422706632
5.196152422706632
7.3484692283495345
5.196152422706632
5.196152422706632
5.196152422706632
6.0
5.196152422706632
5.196152422706632
5.196152422706632
5.196152422706632
6.0
5.196152422706632
6.0
7.3484692283495345
6.0
7.3484692283495345
6.0
5.196152422706632
5.196152422706632
6.0
6.0
6.0
6.0
5.196152422706632
5.196152422706632
6.0
5.196152422706632
5.196152422706632
5.196152422706632
6.0
6.0
6.0
5.196152422706632
5.196152422706632
5.196152422706632
7.3484692283495345
7.937253933193772
6.708203932499369
6.0
7.681145747868608
5.0
4.242640687119285
6.0
7.681145747868608
4.242640687119285
6.0
8.246211251235321
4.242640687119285
8.246211251235321
7.0710678118654755
7.681145747868608
5.196152422706632
6.0
6.0
5.196152422706632
5.196152422706632
6.0
4.242640687119285
4.242640687119285
4.242640687119285
5.196152422706632
4.242640687119285
6.708203932499369
6.0
4.242640687119285
4.242640687119285
4.242640687119285
4.242640687119285
3.0
4.242640687119285
4.242640687119285
3.0
4.242640687119285
4.0
3.0
5.196152422706632
3.0
3.0
6.0
5.196152422706632
5.196152422706632
5.196152422706632
4.242640687119285
5.196152422706632
3.0
3.0
4.242640687119285
3.0
4.242640687119285
3.0
3.0
3.0
3.0
4.242640687119285
5.196152422706632
4.242640687119285
4.242640687119285
3.0
4.242640687119285
3.0
3.0
4.242640687119285
3.0
4.242640687119285
4.242640687119285
4.242640687119285
3.0
3.0
6.0
4.242640687119285
4.242640687119285
3.0
5.830951894845301
3.0
4.242640687119285
5.196152422706632
4.242640687119285
3.0
6.708203932499369
3.0
4.242640687119285
4.242640687119285
6.708203932499369
3.0
6.0
6.0
7.937253933193772
7.211102550927978
6.708203932499369
7.810249675906654
6.708203932499369
7.211102550927978
6.708203932499369
6.0
6.708203932499369
9.273618495495704
7.937253933193772
7.937253933193772
7.810249675906654
7.211102550927978
8.774964387392123
7.211102550927978
7.937253933193772
7.211102550927978
7.3484692283495345
6.708203932499369
6.708203932499369
9.273618495495704
8.246211251235321
7.3484692283495345
6.708203932499369
9.273618495495704
7.937253933193772
7.810249675906654
7.3484692283495345
7.937253933193772
6.708203932499369
9.273618495495704
8.48528137423857
6.0
8.246211251235321
5.196152422706632
5.196152422706632
4.242640687119285
4.242640687119285
5.196152422706632
4.242640687119285
4.242640687119285
5.196152422706632
4.242640687119285
5.196152422706632
5.196152422706632
4.242640687119285
5.196152422706632
4.242640687119285
5.196152422706632
4.242640687119285
4.242640687119285
5.196152422706632
4.242640687119285
5.196152422706632
4.242640687119285
5.196152422706632
4.242640687119285
5.196152422706632
4.242640687119285
5.196152422706632
5.196152422706632
5.196152422706632
5.196152422706632
5.196152422706632
4.242640687119285
4.242640687119285
4.242640687119285
5.196152422706632
4.242640687119285
5.196152422706632
4.242640687119285
4.242640687119285
5.196152422706632
4.242640687119285
6.0
6.0
4.242640687119285
5.196152422706632
5.196152422706632
5.196152422706632
4.242640687119285
4.242640687119285
4.242640687119285
5.196152422706632
4.242640687119285
4.242640687119285
5.196152422706632
4.242640687119285
4.242640687119285
4.242640687119285
4.242640687119285
4.242640687119285
6.0
5.196152422706632
5.196152422706632
4.242640687119285
5.196152422706632
6.0
4.242640687119285
6.0
6.0
4.242640687119285
5.196152422706632
5.196152422706632
5.196152422706632
4.242640687119285
6.0
4.242640687119285
5.196152422706632
4.242640687119285
5.196152422706632
6.0
4.242640687119285
4.242640687119285
4.242640687119285
6.0
4.242640687119285
4.242640687119285
5.196152422706632
4.242640687119285
5.196152422706632
4.242640687119285
4.242640687119285
5.196152422706632
4.242640687119285
4.242640687119285
8.366600265340756
5.830951894845301
9.273618495495704
7.211102550927978
5.830951894845301
5.196152422706632
6.0
6.708203932499369
5.196152422706632
6.0
5.196152422706632
6.0
5.196152422706632
5.196152422706632
7.3484692283495345
6.708203932499369
6.0
6.0
7.3484692283495345
5.196152422706632
9.0
5.196152422706632
6.0
5.196152422706632
6.0
7.3484692283495345
6.0
7.3484692283495345
7.3484692283495345
7.3484692283495345
6.0
6.0
5.196152422706632
5.196152422706632
7.211102550927978
6.0
8.366600265340756
8.366600265340756
5.196152422706632
6.0
5.196152422706632
5.196152422706632
6.0
7.937253933193772
7.3484692283495345
7.937253933193772
5.196152422706632
4.242640687119285
6.0
4.242640687119285
5.196152422706632
6.0
6.708203932499369
5.196152422706632
6.0
7.810249675906654
6.708203932499369
6.0
7.810249675906654
6.557438524302
5.196152422706632
6.0
5.196152422706632
6.0
9.0
8.246211251235321
8.246211251235321
8.246211251235321
7.681145747868608
6.557438524302
6.557438524302
7.211102550927978
7.211102550927978
7.3484692283495345
7.937253933193772
6.708203932499369
6.708203932499369
7.3484692283495345
6.0
4.242640687119285
4.242640687119285
3.0
3.0
3.0
3.0
4.242640687119285
