23
24
3
761
46
4
2
23
2
5
4
20
1
8
10
23
4
45
1
6
10
18
6
11
176
1
9
2
1
5
5
7
8
37
1
1
7
5
20
6
13
1
19
4
5
2
3
30
1
1
14
34
10
3
3
2
5
5
5
9
9
18
1
5
1
16
10
8
11
7
6
11
3
9
2
1
62
2
2
3
3
2
1
23
1
13
9
8
3
2
12
26
1
10
1
2
1
30
4
10
1
11
1
1
1
41
1
1
2
1
1
1
15
2
2
3
4
2
2
12
1
1
3
49
1
2
17
3
3
2
2
2
44
3
2
2
1
14
4
1
1
1
1
1
12
4
1
1
1
20
1
9
5
5
1
11
1
1
1
8
4
29
1
39
3
2
5
1
3
7
5
1
1
8
1
1
8
1
7
3
6
4
10
2
1
1
5
2
2
5
6
2
14
1
1
1
9
5
1
1
1
2
13
1
7
1
1
2
1
2
10
1
1
2
3
6
2
4
5
6
3
1
1
2
3
7
2
1
39
26
3
2
3
1
4
4
3
4
7
1
6
2
3
2
9
5
17
1
9
3
3
7
8
4
4
4
2
1
1
1
1
6
3
5
5
2
17
10
2
5
1
1
1
1
1
7
2
2
11
2
1
2
3
1
2
2
1
1
2
1
1
3
3
4
3
6
4
2
1
1
4
4
4
2
8
1
2
1
1
1
1
1
5
8
5
3
1
2
1
3
1
1
2
1
3
1
1
1
17
3
2
5
1
1
4
9
3
5
8
2
4
1
3
1
6
1
2
1
1
10
3
8
5
1
1
8
2
5
1
1
1
1
1
8
3
1
1
1
1
2
1
1
1
2
1
1
1
1
3
1
1
1
1
3
1
1
1
1
1
1
2
6
9
1
1
11
3
3
1
1
3
1
1
1
1
1
2
1
1
1
1
1
3
2
1
1
2
1
1
3
1
6
1
1
1
1
1
1
5
1
2
2
4
1
2
1
1
3
1
2
1
1
1
2
1
3
1
2
1
1
3
1
4
2
2
2
2
1
1
3
1
1
1
1
2
3
1
1
1
3
1
1
1
2
1
1
4
27
11
1
9
1
1
3
2
3
1
1
1
1
2
1
1
2
1
1
11
1
2
1
1
2
2
2
1
1
1
1
1
1
2
1
3
5
2
4
1
3
4
1
2
1
1
1
1
1
1
1
1
1
1
1
1
6
1
3
1
1
1
6
1
1
1
1
1
1
1
5
1
1
1
5
1
1
1
2
1
1
1
1
2
1
1
2
1
1
1
1
2
1
1
1
1
1
1
2
1
5
1
1
1
1
2
1
1
2
1
1
1
1
3
1
2
3
2
1
1
2
2
1
1
4
1
1
6
1
2
1
1
1
1
1
1
1
1
2
3
1
2
1
1
1
1
1
1
1
1
13
1
1
1
1
1
1
1
1
1
1
1
2
1
1
2
1
1
1
1
1
1
3
2
1
1
1
2
2
2
4
7
1
1
2
2
2
1
1
2
1
1
1
2
1
1
2
1
2
1
1
1
1
2
1
1
1
1
1
3
3
1
1
1
1
1
1
1
1
1
1
1
1
1
1
2
1
1
1
2
2
1
1
1
1
3
1
1
1
1
1
1
1
1
1
1
1
7
1
1
1
4
1
1
1
3
1
1
1
1
1
1
1
1
1
1
1
1
1
1
1
