5.196152422706632
5.291502622129181
5.291502622129181
6.782329983125268
5.291502622129181
6.082762530298219
5.291502622129181
5.196152422706632
8.48528137423857
6.082762530298219
7.615773105863909
8.0
7.14142842854285
5.196152422706632
6.6332495807108
7.280109889280518
5.291502622129181
4.358898943540674
6.082762530298219
5.291502622129181
5.291502622129181
6.782329983125268
5.291502622129181
6.782329983125268
5.291502622129181
6.082762530298219
6.082762530298219
5.291502622129181
5.196152422706632
6.0
6.082762530298219
5.291502622129181
6.082762530298219
7.0710678118654755
6.0
7.0710678118654755
6.082762530298219
5.830951894845301
5.916079783099616
6.782329983125268
5.291502622129181
6.082762530298219
5.291502622129181
5.656854249492381
5.291502622129181
5.291502622129181
4.358898943540674
4.69041575982343
4.358898943540674
3.7416573867739413
5.291502622129181
5.291502622129181
5.291502622129181
5.291502622129181
6.082762530298219
6.782329983125268
6.782329983125268
5.385164807134504
4.358898943540674
6.782329983125268
4.358898943540674
5.291502622129181
6.708203932499369
6.082762530298219
8.48528137423857
4.358898943540674
4.358898943540674
6.082762530298219
6.782329983125268
6.782329983125268
5.196152422706632
6.708203932499369
5.656854249492381
7.280109889280518
5.0990195135927845
8.18535277187245
5.0990195135927845
5.916079783099616
7.681145747868608
5.0990195135927845
5.0990195135927845
6.6332495807108
5.196152422706632
6.6332495807108
7.280109889280518
4.358898943540674
6.0
5.291502622129181
5.291502622129181
4.358898943540674
4.795831523312719
6.082762530298219
5.291502622129181
6.782329983125268
6.082762530298219
5.196152422706632
5.196152422706632
4.242640687119285
6.782329983125268
6.082762530298219
6.782329983125268
5.291502622129181
5.291502622129181
5.656854249492381
3.1622776601683795
5.291502622129181
5.291502622129181
6.782329983125268
4.358898943540674
5.0990195135927845
4.123105625617661
4.242640687119285
3.1622776601683795
4.358898943540674
3.1622776601683795
6.6332495807108
3.1622776601683795
5.291502622129181
4.358898943540674
4.358898943540674
3.1622776601683795
3.0
6.082762530298219
6.782329983125268
6.782329983125268
6.082762530298219
7.0710678118654755
8.0
6.082762530298219
6.782329983125268
6.782329983125268
8.306623862918075
5.291502622129181
5.291502622129181
3.1622776601683795
5.0990195135927845
5.916079783099616
3.7416573867739413
3.0
4.358898943540674
5.916079783099616
6.082762530298219
5.291502622129181
5.291502622129181
5.291502622129181
6.0
8.306623862918075
5.916079783099616
4.358898943540674
6.244997998398398
4.358898943540674
5.291502622129181
6.082762530298219
5.291502622129181
6.082762530298219
5.196152422706632
5.291502622129181
3.1622776601683795
4.358898943540674
6.6332495807108
4.358898943540674
5.291502622129181
4.358898943540674
3.1622776601683795
6.708203932499369
5.291502622129181
6.082762530298219
6.6332495807108
6.082762530298219
5.291502622129181
7.416198487095663
5.291502622129181
5.291502622129181
6.082762530298219
6.782329983125268
7.810249675906654
7.211102550927978
7.416198487095663
8.306623862918075
6.782329983125268
5.291502622129181
5.291502622129181
6.782329983125268
6.082762530298219
7.0
5.656854249492381
5.196152422706632
5.291502622129181
6.082762530298219
5.291502622129181
5.291502622129181
7.0710678118654755
4.358898943540674
6.082762530298219
6.782329983125268
7.280109889280518
6.082762530298219
10.723805294763608
10.723805294763608
10.723805294763608
4.358898943540674
5.291502622129181
5.291502622129181
5.291502622129181
4.47213595499958
6.082762530298219
5.291502622129181
5.291502622129181
5.196152422706632
5.291502622129181
4.358898943540674
4.358898943540674
5.291502622129181
6.082762530298219
5.5677643628300215
6.082762530298219
5.291502622129181
3.1622776601683795
3.1622776601683795
7.810249675906654
4.358898943540674
6.082762530298219
5.291502622129181
5.291502622129181
6.782329983125268
3.1622776601683795
7.280109889280518
6.082762530298219
7.416198487095663
4.358898943540674
5.291502622129181
5.0990195135927845
5.0990195135927845
7.810249675906654
5.0990195135927845
5.916079783099616
5.291502622129181
6.082762530298219
5.291502622129181
4.358898943540674
5.291502622129181
5.291502622129181
5.916079783099616
6.6332495807108
5.291502622129181
5.291502622129181
6.6332495807108
6.0
5.916079783099616
7.14142842854285
5.916079783099616
4.358898943540674
3.7416573867739413
5.291502622129181
1.0
1.0
4.123105625617661
5.291502622129181
6.082762530298219
5.291502622129181
5.291502622129181
4.358898943540674
4.358898943540674
4.358898943540674
5.291502622129181
6.082762530298219
5.385164807134504
6.0
5.291502622129181
5.291502622129181
5.291502622129181
6.082762530298219
5.385164807134504
7.211102550927978
6.708203932499369
6.708203932499369
6.6332495807108
6.6332495807108
5.916079783099616
8.54400374531753
7.0710678118654755
4.358898943540674
8.94427190999916
6.782329983125268
6.0
5.916079783099616
4.358898943540674
5.291502622129181
5.291502622129181
5.291502622129181
4.358898943540674
5.291502622129181
5.291502622129181
5.291502622129181
5.656854249492381
6.082762530298219
2.23606797749979
3.1622776601683795
5.656854249492381
6.708203932499369
5.916079783099616
6.782329983125268
6.782329983125268
4.358898943540674
8.717797887081348
4.242640687119285
5.291502622129181
6.082762530298219
4.795831523312719
4.358898943540674
5.291502622129181
4.358898943540674
7.0710678118654755
5.291502622129181
3.1622776601683795
5.385164807134504
5.291502622129181
5.291502622129181
4.358898943540674
6.4031242374328485
7.416198487095663
6.782329983125268
4.358898943540674
6.082762530298219
6.0
6.082762530298219
4.358898943540674
4.795831523312719
6.708203932499369
6.782329983125268
5.0990195135927845
7.0710678118654755
6.082762530298219
5.291502622129181
8.06225774829855
4.358898943540674
3.1622776601683795
4.358898943540674
5.291502622129181
3.1622776601683795
6.4031242374328485
4.358898943540674
4.358898943540674
6.082762530298219
6.4031242374328485
5.656854249492381
4.358898943540674
4.795831523312719
6.082762530298219
5.291502622129181
5.291502622129181
6.082762530298219
5.291502622129181
4.358898943540674
4.358898943540674
6.082762530298219
9.797958971132712
5.656854249492381
6.082762530298219
7.54983443527075
5.656854249492381
5.656854249492381
4.358898943540674
4.358898943540674
5.916079783099616
4.47213595499958
6.082762530298219
8.366600265340756
3.1622776601683795
5.196152422706632
5.196152422706632
4.358898943540674
5.291502622129181
5.291502622129181
5.5677643628300215
6.082762530298219
4.242640687119285
4.242640687119285
6.0
5.291502622129181
6.782329983125268
5.291502622129181
4.795831523312719
5.291502622129181
7.0710678118654755
4.358898943540674
4.358898943540674
3.7416573867739413
4.358898943540674
3.1622776601683795
5.291502622129181
5.385164807134504
5.291502622129181
6.082762530298219
7.681145747868608
2.23606797749979
4.795831523312719
4.358898943540674
4.358898943540674
3.1622776601683795
4.358898943540674
6.082762530298219
4.358898943540674
4.358898943540674
5.656854249492381
7.0710678118654755
3.1622776601683795
3.1622776601683795
6.082762530298219
3.1622776601683795
3.1622776601683795
3.1622776601683795
4.795831523312719
4.123105625617661
3.7416573867739413
4.358898943540674
4.358898943540674
4.358898943540674
6.082762530298219
4.358898943540674
3.1622776601683795
3.1622776601683795
4.358898943540674
4.795831523312719
6.782329983125268
5.291502622129181
8.246211251235321
5.291502622129181
7.681145747868608
8.246211251235321
4.795831523312719
4.795831523312719
5.656854249492381
6.082762530298219
6.0
4.242640687119285
4.795831523312719
4.795831523312719
4.795831523312719
6.324555320336759
7.280109889280518
8.306623862918075
6.928203230275509
6.6332495807108
5.916079783099616
4.123105625617661
7.280109889280518
8.660254037844387
4.795831523312719
5.0990195135927845
8.06225774829855
8.888194417315589
6.324555320336759
5.291502622129181
5.477225575051661
6.082762530298219
5.656854249492381
6.782329983125268
6.4031242374328485
6.4031242374328485
6.4031242374328485
7.0
5.656854249492381
7.0
6.4031242374328485
5.5677643628300215
5.656854249492381
4.358898943540674
3.7416573867739413
5.656854249492381
7.416198487095663
7.416198487095663
5.656854249492381
7.681145747868608
4.795831523312719
8.48528137423857
4.358898943540674
6.082762530298219
3.7416573867739413
4.358898943540674
4.795831523312719
3.7416573867739413
5.656854249492381
5.477225575051661
5.656854249492381
6.4031242374328485
7.0710678118654755
5.656854249492381
4.795831523312719
4.242640687119285
3.7416573867739413
6.4031242374328485
6.782329983125268
5.656854249492381
7.14142842854285
5.5677643628300215
6.082762530298219
3.0
3.7416573867739413
5.196152422706632
5.656854249492381
5.5677643628300215
5.656854249492381
5.656854249492381
6.4031242374328485
6.4031242374328485
7.0710678118654755
6.4031242374328485
6.082762530298219
4.358898943540674
6.782329983125268
4.358898943540674
5.291502622129181
4.358898943540674
5.656854249492381
4.358898943540674
6.082762530298219
6.082762530298219
6.782329983125268
5.291502622129181
4.358898943540674
6.082762530298219
5.291502622129181
6.082762530298219
3.1622776601683795
5.291502622129181
6.082762530298219
8.54400374531753
5.291502622129181
6.082762530298219
8.246211251235321
7.0710678118654755
6.082762530298219
5.291502622129181
5.291502622129181
5.656854249492381
5.477225575051661
5.291502622129181
5.291502622129181
5.291502622129181
5.291502622129181
5.291502622129181
6.082762530298219
6.6332495807108
5.291502622129181
4.358898943540674
5.291502622129181
5.291502622129181
5.291502622129181
5.291502622129181
5.291502622129181
6.708203932499369
4.358898943540674
6.082762530298219
4.795831523312719
4.358898943540674
5.291502622129181
5.0990195135927845
7.745966692414834
5.291502622129181
5.916079783099616
4.795831523312719
3.1622776601683795
4.358898943540674
5.291502622129181
4.795831523312719
5.656854249492381
3.7416573867739413
5.196152422706632
6.4031242374328485
5.291502622129181
5.656854249492381
5.656854249492381
3.7416573867739413
6.082762530298219
5.196152422706632
4.123105625617661
5.477225575051661
3.7416573867739413
4.123105625617661
7.810249675906654
8.366600265340756
8.06225774829855
4.123105625617661
5.0
6.928203230275509
4.242640687119285
5.196152422706632
4.358898943540674
5.291502622129181
4.358898943540674
4.795831523312719
3.1622776601683795
4.358898943540674
4.358898943540674
3.1622776601683795
4.358898943540674
5.196152422706632
4.795831523312719
6.164414002968976
3.1622776601683795
8.48528137423857
5.656854249492381
3.7416573867739413
4.358898943540674
3.1622776601683795
3.1622776601683795
4.795831523312719
4.358898943540674
4.358898943540674
5.656854249492381
4.358898943540674
6.082762530298219
5.830951894845301
5.291502622129181
4.358898943540674
6.4031242374328485
3.1622776601683795
5.916079783099616
5.916079783099616
6.164414002968976
7.745966692414834
5.916079783099616
5.916079783099616
7.0710678118654755
5.196152422706632
6.0
5.196152422706632
4.242640687119285
5.196152422706632
3.1622776601683795
7.416198487095663
5.291502622129181
4.242640687119285
5.291502622129181
6.0
6.782329983125268
5.291502622129181
5.291502622129181
6.082762530298219
5.0990195135927845
7.211102550927978
7.745966692414834
5.916079783099616
5.291502622129181
6.082762530298219
5.291502622129181
5.291502622129181
5.291502622129181
6.082762530298219
5.291502622129181
6.708203932499369
4.358898943540674
6.782329983125268
4.358898943540674
3.7416573867739413
5.291502622129181
6.782329983125268
6.782329983125268
3.1622776601683795
7.416198487095663
3.1622776601683795
4.242640687119285
5.0990195135927845
6.782329983125268
6.082762530298219
6.082762530298219
6.082762530298219
6.782329983125268
6.782329983125268
6.082762530298219
7.0710678118654755
5.291502622129181
5.291502622129181
6.082762530298219
4.358898943540674
6.6332495807108
6.164414002968976
6.782329983125268
7.211102550927978
6.082762530298219
4.358898943540674
5.291502622129181
6.082762530298219
4.358898943540674
4.358898943540674
5.291502622129181
5.291502622129181
5.656854249492381
5.656854249492381
5.291502622129181
4.358898943540674
7.615773105863909
8.18535277187245
8.831760866327848
8.426149773176359
8.18535277187245
4.795831523312719
6.164414002968976
5.291502622129181
5.291502622129181
5.196152422706632
5.196152422706632
4.358898943540674
5.291502622129181
5.291502622129181
5.0990195135927845
6.557438524302
6.082762530298219
6.708203932499369
6.082762530298219
7.3484692283495345
5.916079783099616
5.291502622129181
5.291502622129181
5.291502622129181
5.291502622129181
6.855654600401044
6.4031242374328485
6.0
6.0
8.18535277187245
6.0
4.242640687119285
5.291502622129181
6.082762530298219
5.830951894845301
5.830951894845301
6.6332495807108
6.6332495807108
8.306623862918075
8.306623862918075
4.795831523312719
3.1622776601683795
4.358898943540674
6.782329983125268
8.831760866327848
3.1622776601683795
5.291502622129181
5.5677643628300215
8.426149773176359
4.358898943540674
3.7416573867739413
4.358898943540674
6.0
7.0710678118654755
5.656854249492381
3.7416573867739413
4.358898943540674
6.4031242374328485
4.358898943540674
4.358898943540674
4.358898943540674
6.782329983125268
5.291502622129181
5.196152422706632
4.358898943540674
8.602325267042627
6.082762530298219
5.916079783099616
5.291502622129181
5.0990195135927845
5.291502622129181
6.0
5.291502622129181
5.291502622129181
4.358898943540674
4.358898943540674
5.916079783099616
3.1622776601683795
3.1622776601683795
5.291502622129181
6.082762530298219
5.656854249492381
5.0990195135927845
4.358898943540674
4.358898943540674
5.291502622129181
6.782329983125268
5.291502622129181
5.291502622129181
5.291502622129181
5.196152422706632
5.656854249492381
5.656854249492381
6.082762530298219
6.082762530298219
5.291502622129181
5.656854249492381
5.291502622129181
5.291502622129181
6.4031242374328485
6.4031242374328485
5.291502622129181
4.358898943540674
5.291502622129181
5.291502622129181
4.358898943540674
5.291502622129181
4.358898943540674
3.1622776601683795
6.6332495807108
7.0710678118654755
6.6332495807108
4.358898943540674
5.291502622129181
6.082762530298219
6.557438524302
4.123105625617661
4.58257569495584
6.557438524302
8.48528137423857
5.830951894845301
7.211102550927978
6.164414002968976
5.291502622129181
5.830951894845301
5.916079783099616
5.291502622129181
6.855654600401044
5.656854249492381
5.291502622129181
5.291502622129181
4.358898943540674
8.94427190999916
7.874007874011811
6.6332495807108
4.242640687119285
5.196152422706632
5.830951894845301
5.196152422706632
5.291502622129181
4.242640687119285
4.242640687119285
5.196152422706632
5.196152422706632
6.48074069840786
6.6332495807108
8.831760866327848
6.48074069840786
6.4031242374328485
6.082762530298219
6.4031242374328485
7.3484692283495345
8.246211251235321
5.916079783099616
7.211102550927978
6.782329983125268
6.855654600401044
5.291502622129181
7.54983443527075
6.855654600401044
5.656854249492381
6.244997998398398
6.4031242374328485
7.937253933193772
5.291502622129181
4.358898943540674
4.358898943540674
5.291502622129181
6.082762530298219
4.358898943540674
5.291502622129181
6.0
6.0
6.082762530298219
6.082762530298219
5.291502622129181
3.0
4.242640687119285
